[[-7.31884465e-02  7.67486989e-02  3.92910801e-02 -2.59162411e-02
  -1.60345897e-01 -1.11267371e-02 -5.21502718e-02 -1.36335388e-01
   1.48310214e-01 -1.09851323e-01  1.03747614e-01  3.69621664e-02
  -2.73152083e-01  1.75898485e-02  8.90149921e-03  1.05506927e-01
  -1.85142189e-01 -9.49265957e-02 -1.50550663e-01 -1.11686423e-01
  -8.05871785e-02  3.24255414e-02  5.75609617e-02  2.56623179e-02
  -1.18008688e-01 -2.37901449e-01 -1.29197612e-01 -1.10470332e-01
   1.37029141e-01  4.82319575e-03 -5.13115972e-02  3.66742685e-02
  -1.46669433e-01 -5.32369614e-02  5.00486121e-02  1.16000026e-01
  -1.03124157e-01 -1.60712060e-02  2.70418882e-01  1.22051965e-02
  -1.73774943e-01 -6.62136357e-03  9.28568617e-02  1.75437495e-01
   2.46468708e-01  2.47087944e-02  1.29397782e-02 -6.52533174e-02
   1.01925887e-01 -2.33538091e-01  5.15012220e-02  2.28148058e-01
   2.33667985e-01  1.00498557e-01  9.25598219e-02 -1.99516371e-01
   6.74972832e-02  1.48792699e-01 -1.63616285e-01  8.07297155e-02
   1.30724266e-01 -1.26937032e-01 -1.62065085e-02  3.19458582e-02
   1.78080976e-01  7.97011554e-02 -8.86418521e-02 -1.22742988e-01
   2.17176586e-01 -2.11484551e-01 -5.20732813e-02  8.03930536e-02
  -9.75193381e-02 -1.42320797e-01 -2.76990086e-01 -4.85830009e-02
   3.85053068e-01  2.15079084e-01 -1.25573933e-01 -1.51218874e-02
  -1.12712421e-01 -1.02895945e-01 -8.28590896e-03  1.67086441e-02
  -1.82154998e-01 -1.05584651e-01 -8.87563676e-02  3.53188775e-02
   1.80035412e-01 -2.14430094e-02  7.76319355e-02  1.78936288e-01
   8.73356611e-02  6.23497255e-02 -8.48164596e-03  1.32319436e-03
  -1.38288289e-01 -8.41260180e-02 -1.25548169e-01 -1.62463933e-02
  -1.63807813e-02 -1.61771551e-01  6.13772646e-02  9.29134488e-02
  -2.12502301e-01  1.72502935e-01 -7.27638882e-03 -8.16349536e-02
  -4.60674092e-02  6.04232308e-04 -1.20200887e-01  2.53937561e-02
   2.79480696e-01 -2.02267528e-01  2.13566408e-01  2.17966288e-01
  -3.53835970e-02  8.88795257e-02  1.17414758e-01  9.35291275e-02
  -5.91031611e-02 -5.65913282e-02 -1.67629510e-01 -1.21274695e-01
  -1.12926681e-02 -1.48381576e-01  6.34271130e-02  8.20801035e-02]
 [-1.26776561e-01  1.85157001e-01  1.03157654e-01 -1.32937744e-01
  -7.81232640e-02  2.95575876e-02 -5.64346202e-02 -8.19057003e-02
   2.10380092e-01 -1.58082359e-02  2.42474288e-01 -1.20658521e-02
  -2.24439666e-01 -7.79974386e-02  8.51554275e-02  1.30840257e-01
  -2.33753458e-01 -8.70628059e-02 -4.63026538e-02 -8.78473669e-02
   3.51413265e-02 -3.36561427e-02  7.98078403e-02  7.41193593e-02
  -1.65849328e-01 -3.36818129e-01 -8.31706002e-02 -1.46595523e-01
   1.23836733e-01 -1.18131094e-01 -2.07660981e-02 -1.03107236e-01
  -1.98191628e-01 -8.43490362e-02 -2.55524106e-02  8.96994248e-02
  -3.89537811e-02 -1.07687205e-01  1.76701754e-01 -3.73481289e-02
  -1.43765703e-01 -1.42071899e-02 -5.67989275e-02  1.71291307e-01
   1.36825249e-01  6.08676374e-02  1.35719255e-01 -1.37731452e-02
   4.30034436e-02 -1.66527525e-01  8.66302699e-02  1.31391287e-01
   8.26777220e-02  3.22654471e-02  1.21353054e-02 -2.15753525e-01
  -2.46776603e-02  2.19018415e-01 -1.51261374e-01  7.32576251e-02
   9.71183106e-02 -7.87750334e-02 -2.32404545e-02  1.76067222e-02
   3.06041867e-01  1.74844086e-01 -1.35943979e-01 -1.44721746e-01
   1.23445645e-01 -2.07956508e-02 -4.60811034e-02  3.14707793e-02
  -1.59447342e-01 -1.04231447e-01 -2.64899641e-01  5.34620546e-02
   3.63462180e-01  7.30859339e-02 -2.34772131e-01 -5.38032651e-02
  -1.94151893e-01  1.07368127e-01  1.02160014e-02  7.10130930e-02
  -1.20105892e-01  4.14727256e-02 -1.17471576e-01  8.98662675e-03
   1.26947850e-01  4.84548509e-04 -4.33183350e-02  1.63256973e-01
   7.84124620e-03  5.73234744e-02  3.06967180e-03  1.30304340e-02
  -1.18775032e-01 -5.03958724e-02 -4.21314575e-02 -6.60334527e-02
   8.22832808e-02 -2.87911072e-02 -8.31700489e-03  1.42765775e-01
  -2.42017403e-01  1.73024207e-01  6.87776366e-03 -2.91468501e-02
  -3.46985310e-02  5.46337590e-02 -2.09871028e-02 -2.52584759e-02
   1.98257282e-01 -2.72384226e-01  2.25722447e-01  2.79050529e-01
   1.43588800e-03  1.72361866e-01  7.69493803e-02  6.84858188e-02
  -1.15586827e-02  2.56359838e-02 -1.27212793e-01 -4.94072028e-02
   3.16905454e-02 -2.87267081e-02  1.30142555e-01  4.89019752e-02]
 [-6.41970113e-02  1.21601284e-01  8.33958015e-02 -2.83549596e-02
  -1.65696204e-01 -1.92681067e-02 -5.30050248e-02 -2.20166013e-01
   1.43967584e-01 -7.10755661e-02  2.47843921e-01 -1.04594223e-01
  -2.61500716e-01  1.91146438e-03  5.96380513e-03  8.19596052e-02
  -1.87302187e-01 -1.25419378e-01 -4.04857658e-02 -9.01947767e-02
   8.10376853e-02  7.16690123e-02 -1.45724704e-02 -3.42146195e-02
  -1.02456093e-01 -3.16874385e-01 -1.15846217e-01 -1.17080763e-01
   1.19448483e-01 -4.01465334e-02  4.13152017e-02  5.94348386e-02
  -1.37519673e-01 -8.71160924e-02  8.59780461e-02  2.58132182e-02
  -6.19106479e-02 -5.30726686e-02  1.97962418e-01 -6.72017932e-02
  -1.90717086e-01 -6.65389597e-02  3.76799442e-02  1.95457652e-01
   9.79192480e-02  4.60595787e-02  4.22927886e-02 -1.26717001e-01
   9.17750224e-02 -2.18722507e-01  1.29429415e-01  1.59466714e-01
   1.10191166e-01  3.20387259e-02  1.80752516e-01 -2.18043342e-01
  -3.20493542e-02  1.84668258e-01 -1.42730445e-01  1.23203851e-01
   1.48414746e-01 -9.96119902e-02 -7.24976975e-03 -8.05659667e-02
   1.67730734e-01  6.51652291e-02 -4.70406264e-02 -1.30102083e-01
   1.95427060e-01 -5.52559160e-02 -1.19788669e-01  1.14504434e-01
  -1.08221069e-01 -1.52495578e-01 -2.93831468e-01 -4.39322740e-02
   4.99875993e-01  5.51155359e-02 -1.97805479e-01 -2.25042999e-02
  -2.75661293e-02 -1.88789349e-02  1.35864437e-01  3.68185192e-02
  -4.18346077e-02 -5.86893037e-02 -1.05670422e-01  1.01204840e-02
   1.81998223e-01 -6.52814284e-02 -3.37228365e-02  2.17718780e-01
  -5.00740632e-02  4.66958284e-02  3.60792279e-02  5.30277938e-02
  -7.19252154e-02 -3.67394239e-02 -9.09663066e-02 -7.48711452e-02
   8.26497003e-02 -5.70661090e-02 -3.25991064e-02  1.61491364e-01
  -1.94304213e-01  1.23359852e-01  3.58811603e-03  1.06729930e-02
  -3.46911587e-02 -8.52742046e-02 -1.79808009e-02  5.23255244e-02
   2.25701973e-01 -2.96077371e-01  1.75650358e-01  1.35674730e-01
  -5.09490781e-02  1.48619875e-01 -2.15517189e-02  1.06965285e-03
   7.17473216e-03 -1.26873001e-01 -2.53201336e-01 -1.04372710e-01
   2.37474330e-02 -1.89866517e-02 -5.66564351e-02  4.64273952e-02]
 [-2.88405810e-02  4.56081778e-02 -3.70145664e-02 -7.62281194e-02
  -4.88919541e-02 -8.72877240e-02  1.94592662e-02 -1.53492928e-01
   1.31249145e-01 -6.97596669e-02  2.21116453e-01 -1.72725115e-02
  -1.84374198e-01 -9.90623534e-02  5.95242754e-02  1.44698665e-01
  -1.99600160e-01 -2.06079245e-01 -4.92796600e-02 -4.37042862e-02
   6.26784787e-02 -5.95719926e-02  3.31305265e-02  3.99439484e-02
  -6.61158487e-02 -2.54621267e-01 -1.59923196e-01 -7.80176371e-02
   7.82288611e-02 -2.20954549e-02  4.53883782e-02  3.14393416e-02
  -2.37091631e-01 -9.41448882e-02  6.53242990e-02  5.03745824e-02
  -5.49895950e-02 -1.10676073e-01  2.37356171e-01 -1.15188770e-02
  -1.61194280e-01 -8.86731315e-03  7.69237727e-02  2.26116359e-01
   1.64377451e-01  3.37063558e-02  7.00287670e-02 -1.00368440e-01
   3.69959176e-02 -1.03031062e-01  3.21878083e-02  1.36117131e-01
   1.06763959e-01  1.26413479e-01 -5.04234880e-02 -1.89255491e-01
   1.18332513e-01  1.11763790e-01 -1.83079228e-01 -3.01281251e-02
   9.16807428e-02 -7.68753514e-02 -2.45169550e-02  1.83807556e-02
   2.63525814e-01  7.52443820e-02 -6.03938438e-02 -2.30016559e-01
   1.25403628e-01 -1.13814205e-01 -1.21627711e-01  4.80852239e-02
  -2.15001196e-01 -1.19663112e-01 -2.89018393e-01 -1.77627131e-02
   3.41264009e-01  2.67887227e-02 -1.23191230e-01  8.77088681e-02
  -5.07644266e-02  3.80494967e-02  1.08388111e-01  8.51650983e-02
  -5.69467023e-02  2.74262130e-02 -1.18287347e-01  4.16382179e-02
   1.95653468e-01 -7.41584450e-02 -8.71111453e-02  8.76421481e-02
  -1.81652028e-02  3.17067131e-02  6.29338026e-02  3.50140259e-02
   1.60108265e-02  7.87483752e-02 -1.36424303e-01 -1.14752026e-02
   4.28520218e-02  1.98988430e-03 -1.59034971e-05  1.25742063e-01
  -1.52863622e-01  9.32255387e-02  1.94879062e-02 -7.65795168e-03
  -9.51541141e-02 -3.29839475e-02 -8.35011452e-02 -2.68527754e-02
   7.55158588e-02 -2.54535437e-01  2.57777989e-01  2.29465544e-01
  -4.04628506e-03  9.44547877e-02  6.14686310e-02  7.39957169e-02
  -3.42975408e-02 -2.09018402e-02 -2.32581198e-01 -3.76539771e-03
   6.68682009e-02  8.79887268e-02  1.14822909e-01  2.72104405e-02]
 [-8.98767784e-02  9.41163525e-02  4.55248207e-02 -6.05761036e-02
  -9.73055735e-02 -3.75786200e-02 -1.06676601e-01 -1.09541014e-01
   1.13405906e-01 -1.08265884e-01  2.29050547e-01 -3.85884494e-02
  -1.83424577e-01 -6.15232028e-02 -4.65578064e-02  1.79492086e-01
  -1.95938170e-01 -8.84502381e-02  1.22278249e-02 -5.26004797e-03
   1.06629379e-01 -1.07128816e-02  5.01948968e-02  4.75636870e-02
  -6.82971776e-02 -3.72293204e-01 -1.10113792e-01 -1.09991573e-01
   2.13951897e-03 -5.49113303e-02 -5.70263341e-02 -5.83754741e-02
  -1.86693370e-01 -2.21540928e-02  7.69988261e-03  4.70178202e-02
  -1.61768608e-02 -7.88236037e-02  1.92295611e-01 -1.83795355e-02
  -2.02475980e-01  3.50164399e-02  6.50262609e-02  1.84296712e-01
   1.41709864e-01  9.30019692e-02  4.55591083e-02 -1.59581572e-01
   1.04193717e-01 -1.63435966e-01  2.59764977e-02  9.94673669e-02
   4.88968268e-02 -8.77813436e-04  8.43853131e-03 -1.64914429e-01
   1.58904213e-03  9.75929350e-02 -1.09540522e-01  4.15158197e-02
   4.55698557e-02 -3.55217904e-02 -5.91851305e-03 -7.74250701e-02
   3.17377776e-01  7.47985989e-02 -1.26031101e-01 -1.29325107e-01
   9.90232378e-02 -1.14210851e-01 -5.13031147e-02  4.71446961e-02
  -1.42541036e-01 -2.16982558e-01 -2.66750753e-01  3.57970335e-02
   3.90201807e-01  1.08360209e-01 -1.71727106e-01  4.42829207e-02
  -8.89785811e-02 -3.90898902e-04  1.43698603e-01  1.42621577e-01
  -2.15489846e-02  3.72627713e-02 -9.83065143e-02  1.84421800e-02
   2.62661576e-01 -1.13062344e-01 -3.96172516e-03  2.19638333e-01
  -3.05424985e-02  1.56557739e-01 -3.45671847e-02 -1.93373486e-02
  -9.06823054e-02  4.73796725e-02 -1.40284002e-01 -1.21795777e-02
   4.03836779e-02  1.73274707e-03  6.12771045e-03  1.07267164e-01
  -1.73515767e-01 -1.57192629e-03 -6.26293896e-03 -4.59515937e-02
   4.37706336e-03  2.40811184e-02 -1.49285465e-01 -1.01807691e-01
   1.30108282e-01 -2.08546162e-01  2.31075302e-01  2.13154301e-01
   9.91134420e-02  1.35912761e-01  1.67430565e-01  5.61562181e-02
   1.98866986e-02 -3.53919119e-02 -2.05301434e-01  4.38489169e-02
   1.35259673e-01 -1.73820965e-02  1.00838393e-01 -2.03769822e-02]
 [-1.11575790e-01 -1.57014392e-02 -9.45322067e-02 -2.97475774e-02
  -1.54428482e-02 -9.71859172e-02 -1.29661635e-02 -9.20524523e-02
   1.94215968e-01 -1.08063556e-01  8.56422409e-02 -2.54843645e-02
  -8.94699469e-02 -5.47681227e-02 -8.46751034e-04  1.98235493e-02
  -2.12583676e-01 -6.58364445e-02 -1.52374849e-01 -1.77027389e-01
   3.74597684e-02  9.35095772e-02  4.33781706e-02 -1.70100089e-02
  -1.82157874e-01 -2.41198123e-01 -1.02433316e-01 -1.50226891e-01
   1.57994166e-01 -3.62308808e-02  5.67689389e-02  7.46385083e-02
  -2.57388413e-01 -9.70193446e-02  6.62633702e-02  2.04181466e-02
  -4.24393453e-02  8.90227687e-03  2.01052397e-01  9.74633992e-02
  -1.44236431e-01  3.96674648e-02 -3.53795737e-02  3.04107785e-01
   2.28396684e-01  6.30819052e-02 -6.87177926e-02 -8.13620090e-02
   1.66953936e-01 -2.36891329e-01  1.06947199e-02  2.13415474e-01
   6.55083805e-02 -1.53296981e-02  1.45814091e-01 -8.98530111e-02
   9.58683267e-02  6.36321157e-02 -2.21401393e-01  3.02112643e-02
   7.99409747e-02 -4.04907539e-02  4.59531695e-03  2.58201919e-02
   1.15019366e-01  6.78480938e-02 -6.76573217e-02 -8.57720375e-02
   1.25467166e-01 -2.09447891e-01  6.12593964e-02  7.63849095e-02
  -5.56743294e-02 -1.92690685e-01 -2.84735024e-01 -3.22746299e-02
   4.14777458e-01  1.28395215e-01 -6.43984377e-02  1.05719775e-01
  -5.77065200e-02 -3.82475927e-02  1.74675450e-01  8.37031379e-02
  -1.75929800e-01 -1.12106716e-02  6.99997041e-03  6.34122491e-02
   1.40687481e-01  1.47029422e-02 -5.44492081e-02  1.65688828e-01
  -4.85894009e-02 -4.06535380e-02  4.42825742e-02 -4.81479466e-02
  -1.49548352e-01 -8.01757500e-02 -2.69863196e-02  1.00863390e-02
   4.85040843e-02 -1.01780944e-01  2.83224862e-02  1.44063547e-01
  -1.61027044e-01  1.44645184e-01 -4.85452414e-02 -7.11948499e-02
  -5.40664941e-02 -5.94855957e-02 -3.58134806e-02  2.35763676e-02
   7.66449198e-02 -2.41423696e-01  1.84648752e-01  1.57037809e-01
  -9.70931128e-02  1.62619188e-01  1.88685972e-02  2.25050282e-03
  -6.88192397e-02  1.06535681e-01 -1.62023306e-01 -9.50212330e-02
  -3.24573964e-02 -3.23711755e-03  4.30379063e-02 -6.97544664e-02]
 [-6.28879070e-02  8.62843916e-02  2.11399160e-02 -2.60359719e-02
  -1.79937687e-02 -6.85607344e-02 -6.59270659e-02 -1.37501925e-01
   1.07284121e-01 -3.23675126e-02  2.21807346e-01 -2.95927133e-02
  -2.02095032e-01 -8.37130100e-02 -4.35656793e-02  1.42311320e-01
  -1.37921527e-01 -8.80449191e-02 -8.12095329e-02 -6.38492107e-02
   2.95497365e-02  2.22201669e-03  9.91188213e-02 -2.20015179e-04
  -2.34935451e-02 -2.83897251e-01 -1.18068755e-01 -1.30563289e-01
   2.01244242e-02 -2.72945557e-02 -5.84415868e-02 -1.32498266e-02
  -1.39445126e-01 -9.80369076e-02  8.27450007e-02  5.11659048e-02
  -4.04210836e-02 -6.40049651e-02  2.24056557e-01  3.14341858e-03
  -1.41499996e-01  2.33350974e-02  1.04918018e-01  2.05269352e-01
   1.89132899e-01  1.00153811e-01 -1.22912023e-02 -1.55191004e-01
   8.63236636e-02 -1.34461269e-01  4.99622300e-02  1.39204800e-01
   8.04940611e-02  6.07574284e-02  6.90547526e-02 -1.49431899e-01
   7.12521225e-02  5.56053668e-02 -9.72833261e-02 -1.51537862e-02
   6.47776574e-02 -3.93615142e-02 -3.40004861e-02 -3.67937870e-02
   2.72286505e-01  7.22108185e-02 -1.17022537e-01 -1.41021118e-01
   8.18188339e-02 -1.11856565e-01 -9.93628502e-02  2.20015794e-02
  -1.45433784e-01 -1.40281543e-01 -2.75685012e-01  3.64595503e-02
   4.11143929e-01  8.79819691e-02 -1.84846878e-01  8.15501735e-02
  -9.33181122e-02 -3.97523753e-02  1.22373976e-01  1.15825742e-01
  -8.93881992e-02  1.19651696e-02 -9.43251327e-02 -9.53117684e-02
   1.73284322e-01 -8.27307254e-02 -4.84146960e-02  1.59432158e-01
  -4.83841524e-02  1.41534090e-01  4.83194478e-02 -2.70871003e-03
  -1.03839017e-01  3.02220359e-02 -1.62722543e-01 -6.69523254e-02
   5.77852018e-02 -5.42274974e-02  1.30663356e-02  9.48948264e-02
  -1.60318196e-01 -1.20858569e-03  1.36950752e-02 -1.06467316e-02
   4.00908031e-02  3.79651636e-02 -1.15867585e-01 -1.06734022e-01
   1.16612963e-01 -2.27304086e-01  2.15620816e-01  1.85746148e-01
   5.31235859e-02  9.82415974e-02  2.02983961e-01  1.11609191e-01
   5.81642194e-03  5.97068965e-02 -1.62599191e-01 -2.48559061e-02
   6.87275454e-02  5.65917864e-02  5.68429306e-02  2.15479787e-02]
 [-1.31448925e-01  9.77732316e-02  3.16214114e-02 -7.41227865e-02
  -1.02328174e-01 -3.77964601e-02 -8.58473554e-02 -1.57773793e-01
   1.54151961e-01 -1.78250968e-01  2.22605705e-01 -7.23802149e-02
  -1.78268284e-01 -2.72283331e-02 -6.66335449e-02  2.29165137e-01
  -2.42059335e-01 -1.56831399e-01 -1.78091619e-02  5.95110934e-03
   8.14545378e-02 -3.33759226e-02  4.31193132e-03  5.28237596e-02
  -9.25394446e-02 -3.41330469e-01 -1.13451645e-01 -7.64534771e-02
   6.29055798e-02 -6.99605718e-02 -5.48252575e-02  2.26249220e-03
  -1.77854374e-01 -2.85885241e-02  5.07441163e-02  1.07003845e-01
   9.78699606e-03 -9.65650976e-02  1.96153149e-01 -6.55948371e-02
  -3.09047282e-01  1.85750537e-02  1.08342402e-01  1.77086920e-01
   1.66844040e-01  4.23536301e-02 -7.51628913e-03 -1.76890805e-01
   1.32973030e-01 -1.86479583e-01 -2.38884650e-02  1.34469017e-01
  -2.68578362e-02  6.90023229e-02 -2.78226547e-02 -1.66688278e-01
   5.98012656e-02  9.77751166e-02 -1.33029714e-01 -3.07084415e-02
   9.35154408e-02 -1.03775442e-01 -1.06980689e-02 -2.96298172e-02
   2.15795055e-01  7.64336810e-02 -1.14806160e-01 -2.27935567e-01
   1.23461917e-01 -1.86897069e-01 -5.08178957e-02  7.24126697e-02
  -1.13235228e-01 -1.85144305e-01 -2.79501677e-01 -2.62887888e-02
   4.13852602e-01  9.32485536e-02 -1.12705886e-01  1.20631382e-01
  -3.01225949e-02 -5.60811274e-02  1.10787101e-01  2.09141210e-01
  -6.80135563e-03  5.86637035e-02 -7.69690499e-02  1.07045844e-03
   2.61976421e-01 -6.19395375e-02  5.05395196e-02  2.17775390e-01
  -3.46547626e-02  9.69660580e-02  2.61129551e-02  9.59035680e-02
  -1.24860004e-01  2.11344585e-02 -1.28284752e-01 -4.46360894e-02
   6.18878715e-02 -1.14686433e-02 -9.54725966e-03  1.46475032e-01
  -1.96391255e-01  1.17636889e-01 -5.21181114e-02  8.11133999e-03
   2.20517851e-02  2.10924586e-03 -2.00222190e-02 -7.35766366e-02
   1.24486387e-01 -1.91142008e-01  1.92616969e-01  2.31619775e-01
   6.46431223e-02  1.17327876e-01  1.63998842e-01  7.20380694e-02
   1.59230065e-02 -3.42359580e-03 -2.42019132e-01 -1.60944276e-02
   6.60106540e-02 -6.71711564e-02  5.59797995e-02 -3.18361670e-02]]